1 500 0.483423
1 500 0.476797
1 1000 3.881653
1 1000 3.880942
1 1500 13.141553
1 1500 13.146112
1 2000 31.269988
1 2000 31.250507
1 2500 61.258633
1 2500 61.263989
1 3000 110.899575
1 3000 109.309766
1 3500 173.480207
1 3500 175.657259
1 4000 263.047921
1 4000 261.575871
1 4500 369.869093
1 4500 361.970511
2 500 0.359631
2 500 0.353302
2 1000 2.943236
2 1000 3.105386
2 1500 9.948845
2 1500 9.695479
2 2000 23.169971
2 2000 22.820145
2 2500 45.827292
2 2500 45.732009
2 3000 80.004517
2 3000 78.679765
2 3500 123.077592
2 3500 123.581081
2 4000 180.889341
2 4000 181.545950
2 4500 262.331342
2 4500 265.765213
3 500 0.314502
3 500 0.336835
3 1000 2.542878
3 1000 2.462124
3 1500 8.289011
3 1500 8.643184
3 2000 20.526378
3 2000 20.182647
3 2500 39.212415
3 2500 37.705086
3 3000 67.828409
3 3000 67.324911
3 3500 107.114685
3 3500 107.257222
3 4000 157.954073
3 4000 157.214495
3 4500 224.298097
3 4500 227.560526
4 500 0.283000
4 500 0.277882
4 1000 2.248415
4 1000 2.204434
4 1500 7.957243
4 1500 8.008604
4 2000 18.398448
4 2000 17.644246
4 2500 34.266350
4 2500 35.573685
4 3000 60.565678
4 3000 62.585995
4 3500 102.267662
4 3500 99.179154
4 4000 148.597270
4 4000 151.968012
4 4500 211.932483
4 4500 213.712827
5 500 0.307714
5 500 0.296802
5 1000 2.426973
5 1000 2.430612
5 1500 7.569892
5 1500 7.532988
5 2000 16.647828
5 2000 17.199516
5 2500 35.114184
5 2500 36.843262
5 3000 63.946894
5 3000 63.514285
5 3500 99.998067
5 3500 98.982215
5 4000 145.604862
5 4000 146.077690
5 4500 211.154946
5 4500 206.411597
6 500 0.336788
6 500 0.301101
6 1000 2.209015
6 1000 2.281292
6 1500 7.604814
6 1500 7.658692
6 2000 18.939756
6 2000 20.144889
6 2500 37.016924
6 2500 33.630593
6 3000 56.313424
6 3000 55.518031
6 3500 88.123077
6 3500 90.000507
6 4000 132.862632
6 4000 131.313717
6 4500 185.605267
6 4500 186.010106
7 500 0.270929
7 500 0.263481
7 1000 2.031489
7 1000 2.063096
7 1500 6.806460
7 1500 6.791251
7 2000 16.117312
7 2000 16.102736
7 2500 31.517613
7 2500 31.456675
7 3000 54.069378
7 3000 53.709955
7 3500 85.809992
7 3500 86.301853
7 4000 128.730831
7 4000 128.548019
7 4500 183.523079
7 4500 183.771402
8 500 0.268174
8 500 0.268366
8 1000 1.993816
8 1000 2.029343
8 1500 6.714877
8 1500 6.728526
8 2000 15.839762
8 2000 15.815960
8 2500 30.920382
8 2500 30.917599
8 3000 53.350971
8 3000 53.429131
8 3500 84.853436
8 3500 84.866524
8 4000 126.237239
8 4000 126.055030
8 4500 179.919117
8 4500 179.719865
