1 1000 2.270645
1 1000 2.270589
1 2000 18.374671
1 2000 18.375825
1 3000 62.248076
1 3000 62.360276
1 500 0.279707
1 500 0.277816
1 1000 2.276849
1 1000 2.275228
1 1500 7.722651
1 1500 7.723893
1 2000 18.371810
1 2000 18.371417
1 2500 35.967537
1 2500 35.966941
1 3000 62.248107
1 3000 62.465466
1 500 0.278310
1 500 0.276983
1 1000 2.273790
1 1000 2.270077
1 1500 7.721165
1 1500 7.720720
1 2000 18.373687
1 2000 18.370251
1 2500 35.968548
1 2500 35.964155
1 3000 62.242384
1 500 0.278461
1 500 0.277260
1 1000 2.270310
1 1000 2.289046
1 1500 7.768253
1 1500 7.718774
1 2000 18.368163
1 2000 18.368643
1 2500 35.961343
1 2500 35.961940
1 3000 62.257488
1 3000 62.220972
1 3500 98.962147
1 3500 98.925503
1 4000 147.779145
1 4000 147.784236
1 4500 210.566440
1 4500 210.566682
2 500 0.140842
2 500 0.140805
2 1000 1.147101
2 1000 1.149033
2 1500 3.903185
2 1500 3.900499
2 2000 9.281233
2 2000 9.279857
2 2500 18.157332
2 2500 18.167306
2 3000 31.422226
2 3000 31.484349
2 3500 50.016830
2 3500 49.933647
2 4000 74.625234
2 4000 74.607326
2 4500 106.277986
2 4500 106.220379
3 500 0.094371
3 500 0.093252
3 1000 0.757437
3 1000 0.760811
3 1500 2.591550
3 1500 2.609457
3 2000 6.128391
3 2000 6.136053
3 2500 11.986884
3 2500 11.982874
3 3000 20.762336
3 3000 20.757476
3 3500 32.981662
3 3500 32.977155
3 4000 49.247947
3 4000 49.237868
3 4500 70.202698
3 4500 70.318451
4 500 0.071089
4 500 0.071328
4 1000 0.574315
4 1000 0.574450
4 1500 1.944179
4 1500 1.943974
4 2000 4.621415
4 2000 4.615535
4 2500 9.039345
4 2500 9.033669
4 3000 15.619745
4 3000 15.609437
4 3500 24.792317
4 3500 24.797086
4 4000 37.057974
4 4000 37.057775
4 4500 53.229967
4 4500 52.749789
5 500 0.058169
5 500 0.058133
5 1000 0.463991
5 1000 0.466587
5 1500 1.567593
5 1500 1.564606
5 2000 3.745686
5 2000 3.708416
5 2500 7.263889
5 2500 7.259458
5 3000 12.534217
5 3000 12.647631
5 3500 19.886427
5 3500 19.918133
5 4000 29.930875
5 4000 29.697484
5 4500 42.410927
5 4500 42.473188
6 500 0.049033
6 500 0.047638
6 1000 0.386442
6 1000 0.391363
6 1500 1.317008
6 1500 1.322251
6 2000 3.078026
6 2000 3.079323
6 2500 6.038856
6 2500 6.038139
6 3000 10.489570
6 3000 10.519632
6 3500 16.545153
6 3500 16.542564
6 4000 24.768562
6 4000 24.874821
6 4500 35.508559
6 4500 35.319173
7 500 0.041425
7 500 0.041402
7 1000 0.340613
7 1000 0.338198
7 1500 1.115953
7 1500 1.112629
7 2000 2.664456
7 2000 2.665841
7 2500 5.153199
7 2500 5.167052
7 3000 8.994622
7 3000 8.969581
7 3500 14.376708
7 3500 14.305940
7 4000 21.210478
7 4000 21.314675
7 4500 30.376556
7 4500 30.361101
8 500 0.039285
8 500 0.037332
8 1000 0.302725
8 1000 0.303773
8 1500 0.986824
8 1500 0.985030
8 2000 2.365548
8 2000 2.368717
8 2500 4.556299
8 2500 4.565047
8 3000 7.939414
8 3000 7.989508
8 3500 12.519403
8 3500 12.484208
8 4000 18.746671
8 4000 18.899653
8 4500 26.717715
8 4500 26.700829
