1 5000 0.186944
1 5000 0.186072
1 5500 0.225887
1 5500 0.224968
1 6000 0.266721
1 6000 0.267970
1 6500 0.311365
1 6500 0.316251
1 7000 0.363558
1 7000 0.365573
1 7500 0.421652
1 7500 0.412661
1 8000 0.477529
1 8000 0.480096
1 8500 0.538662
1 8500 0.534914
1 9000 0.602943
1 9000 0.604005
1 9500 0.674564
1 9500 0.673686
1 10000 0.740090
1 10000 0.743325
1 10500 0.817700
1 10500 0.819190
1 11000 0.901861
1 11000 0.901413
1 11500 0.979727
1 11500 0.983160
1 12000 1.065837
1 12000 1.071821
1 12500 1.181892
1 12500 1.162155
1 13000 1.368315
1 13000 1.257718
1 13500 1.841429
1 13500 1.342042
1 14000 1.449647
1 14000 1.435048
1 14500 1.559063
1 14500 1.558163
2 5000 0.164982
2 5000 0.163517
2 5500 0.195919
2 5500 0.195395
2 6000 0.234087
2 6000 0.231765
2 6500 0.273251
2 6500 0.272332
2 7000 0.319936
2 7000 0.321645
2 7500 0.366293
2 7500 0.366537
2 8000 0.413351
2 8000 0.414322
2 8500 0.465451
2 8500 0.469889
2 9000 0.519821
2 9000 0.528453
2 9500 0.580104
2 9500 0.578370
2 10000 0.637499
2 10000 0.636471
2 10500 0.707426
2 10500 0.705942
2 11000 0.776078
2 11000 0.771944
2 11500 0.841906
2 11500 0.844591
2 12000 0.913597
2 12000 0.918877
2 12500 0.995016
2 12500 0.994876
2 13000 1.085133
2 13000 1.073133
2 13500 1.152927
2 13500 1.156605
2 14000 1.246228
2 14000 1.251407
2 14500 1.361440
2 14500 1.328469
3 5000 0.153541
3 5000 0.153512
3 5500 0.185235
3 5500 0.181582
3 6000 0.213973
3 6000 0.213974
3 6500 0.248111
3 6500 0.250830
3 7000 0.291679
3 7000 0.293796
3 7500 0.337014
3 7500 0.333969
3 8000 0.385944
3 8000 0.380040
3 8500 0.439257
3 8500 0.426730
3 9000 0.495697
3 9000 0.488986
3 9500 0.527041
3 9500 0.529026
3 10000 0.601783
3 10000 0.582163
3 10500 0.645217
3 10500 0.642283
3 11000 0.701622
3 11000 0.700175
3 11500 0.789001
3 11500 0.785340
3 12000 0.842488
3 12000 0.832551
3 12500 0.923772
3 12500 0.915608
3 13000 0.993367
3 13000 0.974961
3 13500 1.057418
3 13500 1.070521
3 14000 1.146211
3 14000 1.130617
3 14500 1.221823
3 14500 1.213446
4 5000 0.145899
4 5000 0.147702
4 5500 0.178702
4 5500 0.173978
4 6000 0.211634
4 6000 0.208821
4 6500 0.239026
4 6500 0.246113
4 7000 0.284624
4 7000 0.283670
4 7500 0.328172
4 7500 0.330926
4 8000 0.369384
4 8000 0.370135
4 8500 0.418437
4 8500 0.414449
4 9000 0.460560
4 9000 0.475082
4 9500 0.519462
4 9500 0.515578
4 10000 0.564275
4 10000 0.567728
4 10500 0.625964
4 10500 0.617690
4 11000 0.685127
4 11000 0.698215
4 11500 0.745083
4 11500 0.762914
4 12000 0.811499
4 12000 0.809971
4 12500 0.878409
4 12500 0.880424
4 13000 0.953403
4 13000 0.950098
4 13500 1.025221
4 13500 1.022842
4 14000 1.104563
4 14000 1.115725
4 14500 1.169182
4 14500 1.187934
5 5000 0.145664
5 5000 0.146590
5 5500 0.170923
5 5500 0.172923
5 6000 0.201881
5 6000 0.204292
5 6500 0.239063
5 6500 0.237881
5 7000 0.279123
5 7000 0.280450
5 7500 0.320659
5 7500 0.323499
5 8000 0.371180
5 8000 0.362596
5 8500 0.413532
5 8500 0.409040
5 9000 0.458161
5 9000 0.456256
5 9500 0.507114
5 9500 0.507296
5 10000 0.552721
5 10000 0.562943
5 10500 0.605763
5 10500 0.609758
5 11000 0.664375
5 11000 0.669623
5 11500 0.726747
5 11500 0.725237
5 12000 0.797912
5 12000 0.791502
5 12500 0.861653
5 12500 0.873458
5 13000 0.923331
5 13000 0.942167
5 13500 0.998906
5 13500 0.996103
5 14000 1.082238
5 14000 1.079305
5 14500 1.157018
5 14500 1.165345
6 5000 0.143811
6 5000 0.142187
6 5500 0.169067
6 5500 0.172768
6 6000 0.198911
6 6000 0.200342
6 6500 0.232845
6 6500 0.237063
6 7000 0.277745
6 7000 0.275440
6 7500 0.316751
6 7500 0.319555
6 8000 0.362790
6 8000 0.359541
6 8500 0.401939
6 8500 0.404520
6 9000 0.451581
6 9000 0.450840
6 9500 0.501239
6 9500 0.500490
6 10000 0.548543
6 10000 0.548456
6 10500 0.604116
6 10500 0.596679
6 11000 0.663671
6 11000 0.663252
6 11500 0.728158
6 11500 0.717068
6 12000 0.788569
6 12000 0.783085
6 12500 0.852632
6 12500 0.837841
6 13000 0.931090
6 13000 0.928446
6 13500 0.999779
6 13500 0.990500
6 14000 1.074163
6 14000 1.056854
6 14500 1.138049
6 14500 1.156653
7 5000 0.142690
7 5000 0.141177
7 5500 0.168595
7 5500 0.168578
7 6000 0.199011
7 6000 0.200686
7 6500 0.233674
7 6500 0.233405
7 7000 0.273167
7 7000 0.273974
7 7500 0.312812
7 7500 0.317218
7 8000 0.356384
7 8000 0.361169
7 8500 0.405130
7 8500 0.396420
7 9000 0.446590
7 9000 0.453490
7 9500 0.491092
7 9500 0.498505
7 10000 0.544858
7 10000 0.546040
7 10500 0.599095
7 10500 0.605415
7 11000 0.656717
7 11000 0.668321
7 11500 0.712598
7 11500 0.712745
7 12000 0.781285
7 12000 0.772169
7 12500 0.839693
7 12500 0.839842
7 13000 0.905628
7 13000 0.924329
7 13500 0.978837
7 13500 0.988841
7 14000 1.054596
7 14000 1.076701
7 14500 1.179824
7 14500 1.153599
8 5000 0.139193
8 5000 0.144634
8 5500 0.191135
8 5500 0.165576
8 6000 0.195935
8 6000 0.194345
8 6500 0.251038
8 6500 0.229088
8 7000 0.295557
8 7000 0.283157
8 7500 0.317487
8 7500 0.318682
8 8000 0.370156
8 8000 0.359629
8 8500 0.417101
8 8500 0.465291
8 9000 0.503585
8 9000 0.469224
8 9500 0.486957
8 9500 0.494927
8 10000 0.634564
8 10000 0.604751
8 10500 0.606129
8 10500 0.709720
8 11000 0.734969
8 11000 0.737324
8 11500 0.801088
8 11500 0.703818
8 12000 0.767052
8 12000 0.819836
8 12500 0.946827
8 12500 0.935567
8 13000 0.972605
8 13000 0.977852
8 13500 1.000949
8 13500 1.029757
8 14000 1.229525
8 14000 1.206540
8 14500 1.440945
8 14500 1.603558
//**************************
1 25000 4.555643
1 25000 4.501478
2 25000 3.918830
2 25000 3.920902
3 25000 3.528668
3 25000 3.581701
4 25000 3.483218
4 25000 3.408498
5 25000 3.383083
5 25000 3.360487
6 25000 3.318424
6 25000 3.366685
7 25000 3.265113
7 25000 3.285421
8 25000 3.249418
8 25000 3.241037
1 25000 1.466281
1 25000 1.466467
2 25000 0.748910
2 25000 0.748196
3 25000 0.488773
3 25000 0.489780
4 25000 0.367042
4 25000 0.366069
5 25000 0.294236
5 25000 0.297955
6 25000 0.247558
6 25000 0.249613
7 25000 0.221207
7 25000 0.214969
8 25000 0.198330
8 25000 0.195362
4 500 0.000066
