1 100 0.009693
1 100 0.010510
1 100 0.010546
1 100 0.009934
1 100 0.010729
1 200 0.057732
1 200 0.059178
1 100 0.003201
1 100 0.004220
1 100 0.003350
1 100 0.003194
1 100 0.003182
1 200 0.028801
1 200 0.028429
1 200 0.028861
1 200 0.028494
1 200 0.028050
1 300 0.098318
1 300 0.099412
1 300 0.099538
1 300 0.098350
1 300 0.099968
1 400 0.237699
1 400 0.237443
1 400 0.238802
1 400 0.236881
1 400 0.241099
1 500 0.476118
1 500 0.472987
1 500 0.477106
1 500 0.482043
1 500 0.475591
1 600 0.832122
1 600 0.817557
1 600 0.815704
1 600 0.814837
1 600 0.816638
1 700 1.307256
1 700 1.301376
1 700 1.331289
1 700 1.391832
1 700 1.372263
1 800 2.017468
1 800 2.004902
1 800 2.008893
1 800 1.999679
1 800 2.011176
1 900 2.857303
1 900 2.910396
1 900 2.828487
1 900 2.796840
1 900 2.795215
1 1000 3.842657
1 1000 3.829747
1 1000 3.825288
1 1000 3.826572
1 1000 3.822619
1 1100 5.099950
1 1100 5.099876
1 1100 5.101189
1 1100 5.101150
1 1100 5.101390
1 1200 6.639836
1 1200 6.631818
1 1200 6.643915
1 1200 6.684425
1 1200 6.630785
1 1300 8.437215
1 1300 8.446117
1 1300 8.448568
1 1300 8.531047
1 1300 8.468234
1 1400 10.558441
1 1400 10.552486
1 1400 10.558990
1 1400 10.559805
1 1400 10.562073
1 1500 13.005022
1 1500 12.990804
1 1500 12.994159
1 1500 13.074627
1 1500 13.023207
1 1600 15.801397
1 1600 15.780485
1 1600 15.820435
1 1600 15.963954
1 1600 16.023594
1 1700 19.204158
1 1700 18.976337
1 1700 18.937543
1 1700 18.967448
1 1700 18.969470
1 1800 22.497965
1 1800 22.532024
1 1800 22.497331
1 1800 22.550807
1 1800 22.604295
1 1900 26.701422
1 1900 26.497413
1 1900 26.479470
1 1900 26.490631
1 1900 26.519475
1 2000 31.136265
1 2000 30.891669
1 2000 30.875568
1 2000 30.900005
1 2000 31.002719
1 2100 37.150838
1 2100 37.229179
1 2100 37.185446
1 2100 37.195224
1 2100 37.344113
1 2200 42.806417
1 2200 42.723435
1 2200 42.797640
1 2200 42.723954
1 2200 43.072901
1 2300 48.974193
1 2300 49.103218
1 2300 48.910919
1 2300 47.191681
1 2300 47.037837
1 2400 53.487900
1 2400 53.459256
1 2400 53.533509
1 2400 53.465222
1 2400 53.532598
1 2500 60.440612
1 2500 60.475029
1 2500 60.468090
1 2500 60.490554
1 2500 60.453702
1 2600 68.092757
1 2600 68.036565
1 2600 67.999267
1 2600 68.037728
1 2600 68.046304
1 2700 76.233518
1 2700 76.233617
1 2700 76.189091
1 2700 76.224313
1 2700 76.367491
1 2800 85.177887
1 2800 85.036177
1 2800 85.061225
1 2800 84.979140
1 2800 85.010689
1 2900 94.491554
1 2900 94.496629
1 2900 94.468095
1 2900 94.484358
1 2900 94.504208
2 100 0.002752
2 100 0.002714
2 100 0.002706
2 100 0.002910
2 100 0.002852
2 200 0.023068
2 200 0.022876
2 200 0.022913
2 200 0.023131
2 200 0.023148
2 300 0.080578
2 300 0.079725
2 300 0.079998
2 300 0.079741
2 300 0.079667
2 400 0.195578
2 400 0.194423
2 400 0.195908
2 400 0.191479
2 400 0.192356
2 500 0.381105
2 500 0.383836
2 500 0.382365
2 500 0.384012
2 500 0.382141
2 600 0.665789
2 600 0.664702
2 600 0.667375
2 600 0.668569
2 600 0.682228
2 700 1.063342
2 700 1.062140
2 700 1.066440
2 700 1.062134
2 700 1.062416
2 800 1.596107
2 800 1.593090
2 800 1.592721
2 800 1.590093
2 800 1.590061
2 900 2.275975
2 900 2.268260
2 900 2.272395
2 900 2.270438
2 900 2.287642
2 1000 3.123308
2 1000 3.117538
2 1000 3.125580
2 1000 3.118864
2 1000 3.122360
2 1100 4.162933
2 1100 4.166870
2 1100 4.147622
2 1100 4.145503
2 1100 4.148537
2 1200 5.385311
2 1200 5.389136
2 1200 5.386789
2 1200 5.395377
2 1200 5.383276
2 1300 6.847986
2 1300 6.850500
2 1300 6.845971
2 1300 6.849328
2 1300 6.847844
2 1400 8.562705
2 1400 8.560740
2 1400 8.581124
2 1400 8.557766
2 1400 8.557067
2 1500 10.533959
2 1500 10.536774
2 1500 10.536480
2 1500 10.559407
2 1500 10.555250
2 1600 12.812411
2 1600 12.784080
2 1600 12.792948
2 1600 12.798178
2 1600 12.783072
2 1700 15.340836
2 1700 15.333098
2 1700 15.346781
2 1700 15.346923
2 1700 15.341664
2 1800 18.653759
2 1800 18.375286
2 1800 18.257319
2 1800 18.245270
2 1800 18.224840
2 1900 21.488827
2 1900 21.450261
2 1900 21.450843
2 1900 21.435196
2 1900 21.439398
2 2000 25.012245
2 2000 25.000672
2 2000 25.004970
2 2000 25.009857
2 2000 25.020717
2 2100 28.949152
2 2100 28.973361
2 2100 28.964187
2 2100 28.980360
2 2100 28.959981
2 2200 33.353996
2 2200 33.316026
2 2200 33.335489
2 2200 33.310020
2 2200 33.395367
2 2300 38.064119
2 2300 38.067387
2 2300 38.073415
2 2300 38.114147
2 2300 38.125324
2 2400 43.335984
2 2400 43.247842
2 2400 43.249721
2 2400 43.247974
2 2400 43.343019
2 2500 48.969340
2 2500 49.006740
2 2500 48.894610
2 2500 48.886606
2 2500 48.904877
2 2600 55.062601
2 2600 55.012722
2 2600 55.019838
2 2600 54.984051
2 2600 54.977208
2 2700 61.626524
2 2700 61.582771
2 2700 61.687138
2 2700 61.716870
2 2700 61.969643
2 2800 69.283968
2 2800 70.350463
2 2800 70.663588
2 2800 70.421180
2 2800 69.418892
2 2900 77.346495
2 2900 77.229666
2 2900 77.270599
2 2900 77.056969
2 2900 77.109727
3 100 0.002799
3 100 0.002708
3 100 0.003674
3 100 0.002891
3 100 0.002900
3 200 0.021750
3 200 0.021527
3 200 0.023103
3 200 0.021303
3 200 0.021474
3 300 0.072081
3 300 0.074976
3 300 0.074786
3 300 0.076569
3 300 0.075443
3 400 0.176705
3 400 0.180467
3 400 0.177730
3 400 0.180687
3 400 0.183176
3 500 0.353091
3 500 0.355857
3 500 0.359060
3 500 0.355944
3 500 0.354682
3 600 0.613370
3 600 0.620124
3 600 0.609410
3 600 0.623907
3 600 0.620987
3 700 0.969092
3 700 0.979927
3 700 0.973188
3 700 0.984527
3 700 0.985604
3 800 1.444991
3 800 1.453424
3 800 1.467087
3 800 1.451922
3 800 1.448832
3 900 2.097477
3 900 2.099236
3 900 2.096173
3 900 2.062174
3 900 2.057047
3 1000 2.878768
3 1000 2.876544
3 1000 2.875566
3 1000 2.842936
3 1000 2.834623
3 1100 3.772079
3 1100 3.846473
3 1100 3.790931
3 1100 3.782829
3 1100 3.848136
3 1200 4.918359
3 1200 5.014617
3 1200 4.895369
3 1200 4.997254
3 1200 4.941414
3 1300 6.271783
3 1300 6.242001
3 1300 6.341249
3 1300 6.344873
3 1300 6.323114
3 1400 7.826916
3 1400 7.795411
3 1400 7.921701
3 1400 7.800989
3 1400 7.914719
3 1500 9.631496
3 1500 9.636520
3 1500 9.615992
3 1500 9.718152
3 1500 9.622543
3 1600 11.752834
3 1600 11.693129
3 1600 11.735897
3 1600 11.723493
3 1600 11.813232
3 1700 14.119857
3 1700 14.004491
3 1700 14.058900
3 1700 14.053602
3 1700 14.217715
3 1800 16.691030
3 1800 16.936430
3 1800 16.720084
3 1800 16.684924
3 1800 16.803835
3 1900 19.808568
3 1900 19.626586
3 1900 19.763330
3 1900 19.753186
3 1900 19.869708
3 2000 22.845364
3 2000 22.975573
3 2000 23.081760
3 2000 22.813161
3 2000 22.845086
3 2100 26.824906
3 2100 26.411610
3 2100 26.436547
3 2100 26.440125
3 2100 26.535213
3 2200 30.737738
3 2200 30.519446
3 2200 30.625333
3 2200 30.463062
3 2200 30.565585
3 2300 35.091206
3 2300 34.819761
3 2300 34.781298
3 2300 34.890802
3 2300 34.788224
3 2400 39.813403
3 2400 39.798165
3 2400 39.567595
3 2400 39.687748
3 2400 39.521533
3 2500 44.699160
3 2500 45.261348
3 2500 45.113420
3 2500 45.151245
3 2500 44.611423
3 2600 50.383504
3 2600 50.284835
3 2600 50.358128
3 2600 50.458324
3 2600 50.234563
3 2700 56.374413
3 2700 56.898408
3 2700 56.550092
3 2700 56.250450
3 2700 56.148687
3 2800 63.072960
3 2800 63.212789
3 2800 62.896546
3 2800 62.884777
3 2800 63.348824
3 2900 70.081353
3 2900 69.892403
3 2900 70.092616
3 2900 70.031078
3 2900 69.638669
4 100 0.003177
4 100 0.003823
4 100 0.003047
4 100 0.003557
4 100 0.003956
4 200 0.025166
4 200 0.020693
4 200 0.021324
4 200 0.021910
4 200 0.021601
4 300 0.072007
4 300 0.072188
4 300 0.071383
4 300 0.073774
4 300 0.075372
4 400 0.171063
4 400 0.171852
4 400 0.175318
4 400 0.179367
4 400 0.170344
4 500 0.337131
4 500 0.345200
4 500 0.342497
4 500 0.350175
4 500 0.345479
4 600 0.590087
4 600 0.600241
4 600 0.600775
4 600 0.590905
4 600 0.615238
4 700 0.963849
4 700 0.940590
4 700 0.949194
4 700 0.944714
4 700 0.938068
4 800 1.404179
4 800 1.410182
4 800 1.430991
4 800 1.408399
4 800 1.410262
4 900 1.995154
4 900 2.022961
4 900 1.986290
4 900 2.030825
4 900 2.019605
4 1000 2.732062
4 1000 2.752982
4 1000 2.741369
4 1000 2.766725
4 1000 2.781678
4 1100 3.662507
4 1100 3.692794
4 1100 3.637547
4 1100 3.640330
4 1100 3.657633
4 1200 4.788214
4 1200 4.743181
4 1200 4.774594
4 1200 4.758958
4 1200 4.781346
4 1300 6.071914
4 1300 6.075400
4 1300 6.012732
4 1300 6.076784
4 1300 6.051515
4 1400 7.596907
4 1400 7.601473
4 1400 7.576544
4 1400 7.574440
4 1400 7.612385
4 1500 9.353748
4 1500 9.307338
4 1500 9.346321
4 1500 9.307911
4 1500 9.413703
4 1600 11.356513
4 1600 11.290964
4 1600 11.334344
4 1600 11.317276
4 1600 11.360360
4 1700 13.423766
4 1700 13.593786
4 1700 13.609063
4 1700 13.476486
4 1700 13.591847
4 1800 15.960856
4 1800 16.044690
4 1800 16.059342
4 1800 15.933893
4 1800 16.157650
4 1900 18.875669
4 1900 18.961889
4 1900 18.710773
4 1900 19.044770
4 1900 19.001440
4 2000 21.924754
4 2000 22.093110
4 2000 21.944014
4 2000 21.963101
4 2000 22.055643
4 2100 25.421981
4 2100 25.448329
4 2100 25.453532
4 2100 25.454755
4 2100 25.483212
4 2200 29.596683
4 2200 29.207585
4 2200 29.360563
4 2200 29.472004
4 2200 29.468297
4 2300 33.390418
4 2300 33.585132
4 2300 33.455874
4 2300 33.492709
4 2300 33.652326
4 2400 38.248281
4 2400 37.962146
4 2400 37.873941
4 2400 38.221309
4 2400 38.084949
4 2500 42.836251
4 2500 43.192717
4 2500 43.044743
4 2500 43.162203
4 2500 42.848526
4 2600 48.619915
4 2600 48.482821
4 2600 48.392938
4 2600 48.225568
4 2600 48.336275
4 2700 54.414129
4 2700 54.603270
4 2700 54.107450
4 2700 54.144416
4 2700 54.514230
4 2800 60.709370
4 2800 60.417300
4 2800 60.870506
4 2800 60.908489
4 2800 60.435041
4 2900 67.222956
4 2900 66.791549
4 2900 67.208490
4 2900 66.993634
4 2900 67.460375
5 100 0.003138
5 100 0.005752
5 100 0.003337
5 100 0.003325
5 100 0.004203
5 200 0.024639
5 200 0.021131
5 200 0.026513
5 200 0.021011
5 200 0.027353
5 300 0.072104
5 300 0.073581
5 300 0.075650
5 300 0.073542
5 300 0.069920
5 400 0.169186
5 400 0.173962
5 400 0.183421
5 400 0.174347
5 400 0.170196
5 500 0.341024
5 500 0.335608
5 500 0.341355
5 500 0.334471
5 500 0.342295
5 600 0.588008
5 600 0.575791
5 600 0.591045
5 600 0.588943
5 600 0.589323
5 700 0.937177
5 700 0.934501
5 700 0.913329
5 700 0.938676
5 700 0.934275
5 800 1.382848
5 800 1.387109
5 800 1.409128
5 800 1.399752
5 800 1.391147
5 900 1.966276
5 900 1.963040
5 900 1.962705
5 900 1.958852
5 900 1.962088
5 1000 2.721497
5 1000 2.693625
5 1000 2.707269
5 1000 2.693183
5 1000 2.708096
5 1100 3.623917
5 1100 3.604071
5 1100 3.576477
5 1100 3.607288
5 1100 3.611648
5 1200 4.671842
5 1200 4.655967
5 1200 4.668423
5 1200 4.679932
5 1200 4.714539
5 1300 5.996258
5 1300 5.909767
5 1300 5.972102
5 1300 5.903744
5 1300 5.958111
5 1400 7.404624
5 1400 7.424200
5 1400 7.426585
5 1400 7.386264
5 1400 7.339272
5 1500 9.148546
5 1500 9.103944
5 1500 9.070496
5 1500 9.125760
5 1500 9.131876
5 1600 11.036165
5 1600 11.062664
5 1600 11.068853
5 1600 11.042462
5 1600 11.111862
5 1700 13.247788
5 1700 13.169994
5 1700 13.216575
5 1700 13.272771
5 1700 13.233104
5 1800 15.779063
5 1800 15.741065
5 1800 15.747793
5 1800 15.745886
5 1800 15.791835
5 1900 18.509741
5 1900 18.400935
5 1900 18.419644
5 1900 18.441847
5 1900 18.495449
5 2000 21.513530
5 2000 21.505252
5 2000 21.553521
5 2000 21.637244
5 2000 21.620905
5 2100 24.875521
5 2100 25.018763
5 2100 25.067282
5 2100 24.998944
5 2100 25.003638
5 2200 28.782634
5 2200 28.733737
5 2200 28.748265
5 2200 28.669006
5 2200 28.727541
5 2300 32.631551
5 2300 32.710768
5 2300 32.688505
5 2300 32.821161
5 2300 32.706919
5 2400 37.276285
5 2400 37.142631
5 2400 37.293786
5 2400 37.238875
5 2400 37.019776
5 2500 42.084362
5 2500 41.970782
5 2500 41.977989
5 2500 41.961250
5 2500 42.011328
5 2600 47.366693
5 2600 47.231343
5 2600 47.425882
5 2600 47.255171
5 2600 47.287243
5 2700 52.797814
5 2700 52.861741
5 2700 52.753953
5 2700 52.812941
5 2700 52.784076
5 2800 58.910210
5 2800 58.938522
5 2800 59.025367
5 2800 59.039548
5 2800 58.980536
5 2900 65.495113
5 2900 65.387597
5 2900 65.421923
5 2900 65.591259
5 2900 65.302162
6 100 0.005975
6 100 0.004519
6 100 0.003961
6 100 0.004178
6 100 0.005111
6 200 0.023732
6 200 0.021096
6 200 0.024615
6 200 0.021003
6 200 0.023619
6 300 0.076212
6 300 0.075226
6 300 0.077393
6 300 0.079492
6 300 0.070908
6 400 0.167660
6 400 0.178607
6 400 0.179636
6 400 0.177689
6 400 0.167232
6 500 0.341037
6 500 0.328044
6 500 0.340708
6 500 0.332322
6 500 0.334375
6 600 0.581727
6 600 0.579175
6 600 0.580709
6 600 0.585862
6 600 0.586278
6 700 0.929903
6 700 0.924129
6 700 0.927666
6 700 0.927812
6 700 0.919861
6 800 1.366339
6 800 1.369711
6 800 1.381680
6 800 1.369377
6 800 1.356660
6 900 1.961057
6 900 1.947692
6 900 1.961018
6 900 1.950503
6 900 1.977119
6 1000 2.667772
6 1000 2.666837
6 1000 2.670832
6 1000 2.677092
6 1000 2.681886
6 1100 3.557165
6 1100 3.571884
6 1100 3.600484
6 1100 3.562125
6 1100 3.588254
6 1200 4.589082
6 1200 4.625742
6 1200 4.602452
6 1200 4.632845
6 1200 4.647036
6 1300 5.866483
6 1300 5.860984
6 1300 5.838779
6 1300 5.873930
6 1300 5.888132
6 1400 7.283950
6 1400 7.320591
6 1400 7.304230
6 1400 7.353122
6 1400 7.289834
6 1500 8.981456
6 1500 9.005138
6 1500 8.993988
6 1500 8.989414
6 1500 8.991007
6 1600 10.893391
6 1600 10.912797
6 1600 10.897170
6 1600 10.840812
6 1600 10.866534
6 1700 13.087643
6 1700 13.063368
6 1700 13.099383
6 1700 13.078323
6 1700 13.085779
6 1800 15.443628
6 1800 15.494431
6 1800 15.491324
6 1800 15.580530
6 1800 15.529827
6 1900 18.224181
6 1900 18.275249
6 1900 18.224122
6 1900 18.277625
6 1900 18.222821
6 2000 21.240396
6 2000 21.203963
6 2000 21.233670
6 2000 21.201483
6 2000 21.229158
6 2100 24.646598
6 2100 24.617427
6 2100 24.575269
6 2100 24.523532
6 2100 24.556791
6 2200 28.249398
6 2200 28.251882
6 2200 28.239275
6 2200 28.285141
6 2200 28.271255
6 2300 32.216764
6 2300 32.331937
6 2300 32.346107
6 2300 32.239550
6 2300 32.197166
6 2400 36.616905
6 2400 36.731187
6 2400 36.751632
6 2400 36.690592
6 2400 36.660126
6 2500 41.473870
6 2500 41.364344
6 2500 41.563550
6 2500 41.504518
6 2500 41.368112
6 2600 46.529464
6 2600 46.554610
6 2600 46.645060
6 2600 46.505328
6 2600 46.543479
6 2700 52.039200
6 2700 52.233222
6 2700 52.118451
6 2700 52.164749
6 2700 52.087355
6 2800 58.096061
6 2800 58.096853
6 2800 58.117013
6 2800 58.072045
6 2800 58.109567
6 2900 64.472910
6 2900 64.573649
6 2900 64.502428
6 2900 64.697241
6 2900 64.795840
7 100 0.003711
7 100 0.004344
7 100 0.005519
7 100 0.004253
7 100 0.004362
7 200 0.024972
7 200 0.024826
7 200 0.024601
7 200 0.024527
7 200 0.024692
7 300 0.074783
7 300 0.076924
7 300 0.075380
7 300 0.072452
7 300 0.077507
7 400 0.171810
7 400 0.179326
7 400 0.175708
7 400 0.188667
7 400 0.176827
7 500 0.345543
7 500 0.349447
7 500 0.338294
7 500 0.331434
7 500 0.338424
7 600 0.583390
7 600 0.586515
7 600 0.588477
7 600 0.579729
7 600 0.581347
7 700 0.931187
7 700 0.913835
7 700 0.917185
7 700 0.915096
7 700 0.921280
7 800 1.373795
7 800 1.363212
7 800 1.376380
7 800 1.371291
7 800 1.366932
7 900 1.948648
7 900 1.938212
7 900 1.939657
7 900 1.946815
7 900 1.942423
7 1000 2.663101
7 1000 2.675556
7 1000 2.670709
7 1000 2.657249
7 1000 2.666296
7 1100 3.563373
7 1100 3.534778
7 1100 3.538117
7 1100 3.570820
7 1100 3.549145
7 1200 4.596993
7 1200 4.591574
7 1200 4.616595
7 1200 4.618456
7 1200 4.591558
7 1300 5.816826
7 1300 5.849814
7 1300 5.848568
7 1300 5.830173
7 1300 5.814407
7 1400 7.261232
7 1400 7.267077
7 1400 7.221424
7 1400 7.287629
7 1400 7.283245
7 1500 8.960192
7 1500 8.975631
7 1500 8.942218
7 1500 8.930642
7 1500 8.928077
7 1600 10.792164
7 1600 10.757567
7 1600 10.847366
7 1600 10.814265
7 1600 10.810082
7 1700 12.980186
7 1700 12.937915
7 1700 12.956919
7 1700 12.960372
7 1700 12.984757
7 1800 15.402634
7 1800 15.393399
7 1800 15.421978
7 1800 15.378103
7 1800 15.395749
7 1900 18.120651
7 1900 18.074592
7 1900 18.060286
7 1900 18.084075
7 1900 18.098658
7 2000 21.081570
7 2000 21.106662
7 2000 21.129409
7 2000 21.099328
7 2000 21.081811
7 2100 24.411239
7 2100 24.418140
7 2100 24.427338
7 2100 24.364742
7 2100 24.402506
7 2200 28.054017
7 2200 28.082489
7 2200 28.023570
7 2200 28.032998
7 2200 28.042728
7 2300 32.021747
7 2300 32.015028
7 2300 32.025416
7 2300 32.000458
7 2300 32.019137
7 2400 36.335641
7 2400 36.370975
7 2400 36.371226
7 2400 36.304590
7 2400 36.288566
7 2500 41.005478
7 2500 41.106591
7 2500 40.981408
7 2500 41.037258
7 2500 41.040591
7 2600 46.075783
7 2600 46.189830
7 2600 46.148702
7 2600 46.140699
7 2600 46.192105
7 2700 51.684407
7 2700 51.673979
7 2700 51.648572
7 2700 51.646755
7 2700 51.724790
7 2800 57.556708
7 2800 57.535078
7 2800 57.482930
7 2800 57.492233
7 2800 57.564863
7 2900 63.624058
7 2900 64.003395
7 2900 63.842805
7 2900 63.959264
7 2900 63.922799
8 100 0.004801
8 100 0.005393
8 100 0.004736
8 100 0.004705
8 100 0.003588
8 200 0.025747
8 200 0.024920
8 200 0.024852
8 200 0.024808
8 200 0.025067
8 300 0.075054
8 300 0.076673
8 300 0.081289
8 300 0.077766
8 300 0.077780
8 400 0.178507
8 400 0.166497
8 400 0.171787
8 400 0.178499
8 400 0.177076
8 500 0.348934
8 500 0.333154
8 500 0.329768
8 500 0.326197
8 500 0.333409
8 600 0.580922
8 600 0.576938
8 600 0.565233
8 600 0.570846
8 600 0.574100
8 700 0.912484
8 700 0.905668
8 700 0.909812
8 700 0.907949
8 700 0.907133
8 800 1.348218
8 800 1.351492
8 800 1.355649
8 800 1.343476
8 800 1.355362
8 900 1.915003
8 900 1.919735
8 900 1.910126
8 900 1.915452
8 900 1.914480
8 1000 2.627036
8 1000 2.625347
8 1000 2.629938
8 1000 2.617142
8 1000 2.620092
8 1100 3.492168
8 1100 3.485225
8 1100 3.497248
8 1100 3.494295
8 1100 3.484890
8 1200 4.533182
8 1200 4.529052
8 1200 4.525880
8 1200 4.564562
8 1200 4.563726
8 1300 5.750603
8 1300 5.749726
8 1300 5.737392
8 1300 5.741103
8 1300 5.746496
8 1400 7.166599
8 1400 7.197412
8 1400 7.171416
8 1400 7.181297
8 1400 7.176869
8 1500 8.804851
8 1500 8.774062
8 1500 8.827198
8 1500 8.811827
8 1500 8.824134
8 1600 10.703219
8 1600 10.632304
8 1600 10.705636
8 1600 10.687837
8 1600 10.693236
8 1700 12.853158
8 1700 12.788787
8 1700 12.768858
8 1700 12.796363
8 1700 12.840530
8 1800 15.211362
8 1800 15.200081
8 1800 15.214468
8 1800 15.192110
8 1800 15.194085
8 1900 17.867996
8 1900 17.842870
8 1900 17.828507
8 1900 17.779104
8 1900 17.849934
8 2000 20.849784
8 2000 20.702105
8 2000 20.814216
8 2000 20.844345
8 2000 20.819458
8 2100 24.080880
8 2100 24.102491
8 2100 24.106469
8 2100 24.096254
8 2100 24.094778
8 2200 27.743423
8 2200 27.653916
8 2200 27.676731
8 2200 27.717355
8 2200 27.556168
8 2300 31.605684
8 2300 31.636314
8 2300 31.555917
8 2300 31.623628
8 2300 31.597424
8 2400 35.909130
8 2400 35.867327
8 2400 35.912050
8 2400 35.945684
8 2400 35.898457
8 2500 40.515988
8 2500 40.578370
8 2500 40.555766
8 2500 40.552962
8 2500 40.548477
8 2600 45.601939
8 2600 45.640432
8 2600 45.592284
8 2600 45.615563
8 2600 45.645430
8 2700 51.010364
8 2700 51.001630
8 2700 50.819036
8 2700 51.112865
8 2700 51.064957
8 2800 56.901314
8 2800 56.925768
8 2800 56.891837
8 2800 56.887856
8 2800 56.849762
8 2900 62.923537
8 2900 63.237454
8 2900 63.189333
8 2900 63.253996
8 2900 63.189447
