1 500 0.002441
1 500 0.002632
1 1000 0.009992
1 1000 0.010221
1 1500 0.022980
1 1500 0.022473
1 2000 0.040628
1 2000 0.040192
1 2500 0.063805
1 2500 0.062860
1 3000 0.089921
1 3000 0.090390
1 3500 0.120739
1 3500 0.121314
1 4000 0.158947
1 4000 0.157359
1 4500 0.200048
1 4500 0.203614
1 5000 0.244757
1 5000 0.245560
1 5500 0.296879
1 5500 0.296606
1 6000 0.352040
1 6000 0.351997
1 6500 0.412231
1 6500 0.409441
1 7000 0.476126
1 7000 0.475937
1 7500 0.544246
1 7500 0.549067
1 8000 0.617898
1 8000 0.619784
1 8500 0.697487
1 8500 0.699934
1 9000 0.779783
1 9000 0.781756
1 9500 0.874019
1 9500 0.874037
1 10000 0.978532
1 10000 0.961747
1 10500 1.070288
1 10500 1.059516
1 11000 1.172900
1 11000 1.158115
1 11500 1.279716
1 11500 1.273099
1 12000 1.386196
1 12000 1.377396
1 12500 1.505397
1 12500 1.505362
1 13000 1.629735
1 13000 1.621226
1 13500 1.753776
1 13500 1.763194
1 14000 1.886481
1 14000 1.875552
1 14500 2.015063
1 14500 2.051713
1 15000 2.158407
1 15000 2.171392
1 15500 2.324786
1 15500 2.319738
1 16000 2.468425
1 16000 2.456174
1 16500 2.657937
1 16500 2.629649
1 17000 2.763221
1 17000 2.790926
1 17500 2.955621
1 17500 2.955802
1 18000 3.120622
1 18000 3.126961
1 18500 3.307585
1 18500 3.288812
1 19000 3.480176
1 19000 3.485183
1 19500 3.668750
1 19500 3.668391
2 500 0.001994
2 500 0.002054
2 1000 0.008311
2 1000 0.008341
2 1500 0.018306
2 1500 0.018144
2 2000 0.032099
2 2000 0.032220
2 2500 0.050389
2 2500 0.050317
2 3000 0.071283
2 3000 0.070703
2 3500 0.094816
2 3500 0.096459
2 4000 0.123738
2 4000 0.123735
2 4500 0.155989
2 4500 0.156574
2 5000 0.191997
2 5000 0.193200
2 5500 0.232766
2 5500 0.232210
2 6000 0.274519
2 6000 0.274408
2 6500 0.321663
2 6500 0.321594
2 7000 0.374441
2 7000 0.370838
2 7500 0.427296
2 7500 0.427863
2 8000 0.486203
2 8000 0.481052
2 8500 0.545573
2 8500 0.547332
2 9000 0.609448
2 9000 0.609141
2 9500 0.683140
2 9500 0.680011
2 10000 0.750584
2 10000 0.751672
2 10500 0.824839
2 10500 0.828518
2 11000 0.903211
2 11000 0.903092
2 11500 0.990307
2 11500 0.989962
2 12000 1.078932
2 12000 1.077503
2 12500 1.169663
2 12500 1.169161
2 13000 1.271490
2 13000 1.258648
2 13500 1.360948
2 13500 1.365401
2 14000 1.471753
2 14000 1.467698
2 14500 1.574843
2 14500 1.564821
2 15000 1.688326
2 15000 1.686502
2 15500 1.802711
2 15500 1.815402
2 16000 1.925256
2 16000 1.914593
2 16500 2.033565
2 16500 2.038112
2 17000 2.162586
2 17000 2.160176
2 17500 2.302387
2 17500 2.289252
2 18000 2.441804
2 18000 2.434742
2 18500 2.564860
2 18500 2.566377
2 19000 2.716023
2 19000 2.727986
2 19500 2.861074
2 19500 2.858003
3 500 0.002019
3 500 0.001881
3 1000 0.007464
3 1000 0.007506
3 1500 0.016417
3 1500 0.016685
3 2000 0.028743
3 2000 0.028444
3 2500 0.044325
3 2500 0.043858
3 3000 0.062661
3 3000 0.062240
3 3500 0.084089
3 3500 0.083117
3 4000 0.108312
3 4000 0.109291
3 4500 0.139677
3 4500 0.137523
3 5000 0.167902
3 5000 0.167662
3 5500 0.203582
3 5500 0.201790
3 6000 0.239477
3 6000 0.239035
3 6500 0.282578
3 6500 0.285264
3 7000 0.327691
3 7000 0.333432
3 7500 0.372257
3 7500 0.375982
3 8000 0.420442
3 8000 0.421566
3 8500 0.487802
3 8500 0.477144
3 9000 0.540519
3 9000 0.533929
3 9500 0.586106
3 9500 0.586913
3 10000 0.660486
3 10000 0.657081
3 10500 0.735298
3 10500 0.736377
3 11000 0.783153
3 11000 0.804128
3 11500 0.880399
3 11500 0.857829
3 12000 0.931423
3 12000 0.931868
3 12500 1.031335
3 12500 1.013021
3 13000 1.092618
3 13000 1.089365
3 13500 1.210421
3 13500 1.177799
3 14000 1.311165
3 14000 1.284015
3 14500 1.361823
3 14500 1.359669
3 15000 1.456652
3 15000 1.458351
3 15500 1.602136
3 15500 1.544983
3 16000 1.707629
3 16000 1.656522
3 16500 1.750473
3 16500 1.770689
3 17000 1.878743
3 17000 1.880631
3 17500 2.035462
3 17500 2.014061
3 18000 2.143014
3 18000 2.098298
3 18500 2.205211
3 18500 2.251754
3 19000 2.325551
3 19000 2.371518
3 19500 2.474649
3 19500 2.456809
4 500 0.001849
4 500 0.001609
4 1000 0.008083
4 1000 0.007737
4 1500 0.016058
4 1500 0.016696
4 2000 0.026790
4 2000 0.027203
4 2500 0.042799
4 2500 0.042276
4 3000 0.059585
4 3000 0.059301
4 3500 0.079434
4 3500 0.080689
4 4000 0.103851
4 4000 0.102755
4 4500 0.130074
4 4500 0.132014
4 5000 0.159331
4 5000 0.159733
4 5500 0.194793
4 5500 0.194863
4 6000 0.229141
4 6000 0.232693
4 6500 0.262697
4 6500 0.262760
4 7000 0.306357
4 7000 0.310619
4 7500 0.358637
4 7500 0.356854
4 8000 0.394458
4 8000 0.406460
4 8500 0.444512
4 8500 0.443850
4 9000 0.500551
4 9000 0.508138
4 9500 0.562621
4 9500 0.552665
4 10000 0.611472
4 10000 0.617669
4 10500 0.694748
4 10500 0.684717
4 11000 0.739626
4 11000 0.745625
4 11500 0.814835
4 11500 0.804077
4 12000 0.899259
4 12000 0.901760
4 12500 0.970445
4 12500 0.953764
4 13000 1.049489
4 13000 1.037022
4 13500 1.123267
4 13500 1.103716
4 14000 1.202713
4 14000 1.200016
4 14500 1.296595
4 14500 1.300532
4 15000 1.408952
4 15000 1.375835
4 15500 1.475872
4 15500 1.493767
4 16000 1.579219
4 16000 1.554014
4 16500 1.652496
4 16500 1.658575
4 17000 1.773695
4 17000 1.759128
4 17500 1.857994
4 17500 1.891869
4 18000 2.032180
4 18000 1.973284
4 18500 2.086584
4 18500 2.094102
4 19000 2.196769
4 19000 2.235058
4 19500 2.332053
4 19500 2.340725
5 500 0.001690
5 500 0.001757
5 1000 0.007123
5 1000 0.007560
5 1500 0.018231
5 1500 0.016563
5 2000 0.028323
5 2000 0.026446
5 2500 0.040407
5 2500 0.040628
5 3000 0.056537
5 3000 0.057048
5 3500 0.076593
5 3500 0.075899
5 4000 0.099070
5 4000 0.102468
5 4500 0.126271
5 4500 0.125203
5 5000 0.152927
5 5000 0.154117
5 5500 0.186386
5 5500 0.188780
5 6000 0.216922
5 6000 0.218949
5 6500 0.255185
5 6500 0.256043
5 7000 0.301951
5 7000 0.292782
5 7500 0.342055
5 7500 0.340944
5 8000 0.389015
5 8000 0.380819
5 8500 0.433416
5 8500 0.434558
5 9000 0.483694
5 9000 0.486159
5 9500 0.537667
5 9500 0.532201
5 10000 0.599290
5 10000 0.596428
5 10500 0.653938
5 10500 0.658445
5 11000 0.723645
5 11000 0.707889
5 11500 0.777060
5 11500 0.789016
5 12000 0.853093
5 12000 0.855698
5 12500 0.936152
5 12500 0.927714
5 13000 0.989531
5 13000 1.000963
5 13500 1.079964
5 13500 1.082007
5 14000 1.155875
5 14000 1.159920
5 14500 1.234995
5 14500 1.233647
5 15000 1.341069
5 15000 1.355167
5 15500 1.427069
5 15500 1.431040
5 16000 1.514642
5 16000 1.516226
5 16500 1.606406
5 16500 1.616479
5 17000 1.745722
5 17000 1.711168
5 17500 1.825235
5 17500 1.791313
5 18000 1.910974
5 18000 1.895496
5 18500 2.023962
5 18500 2.005051
5 19000 2.126954
5 19000 2.126236
5 19500 2.247391
5 19500 2.254993
6 500 0.003794
6 500 0.001683
6 1000 0.007398
6 1000 0.007868
6 1500 0.016790
6 1500 0.016272
6 2000 0.025604
6 2000 0.026123
6 2500 0.041438
6 2500 0.040379
6 3000 0.056714
6 3000 0.056290
6 3500 0.074273
6 3500 0.075274
6 4000 0.097185
6 4000 0.097823
6 4500 0.121773
6 4500 0.122062
6 5000 0.152487
6 5000 0.151447
6 5500 0.181135
6 5500 0.181837
6 6000 0.214817
6 6000 0.213818
6 6500 0.249602
6 6500 0.250143
6 7000 0.289352
6 7000 0.293708
6 7500 0.331938
6 7500 0.330993
6 8000 0.374371
6 8000 0.382122
6 8500 0.417182
6 8500 0.425446
6 9000 0.467787
6 9000 0.470789
6 9500 0.519866
6 9500 0.523825
6 10000 0.587806
6 10000 0.587841
6 10500 0.639828
6 10500 0.652889
6 11000 0.823576
6 11000 0.762970
6 11500 0.778810
6 11500 0.784263
6 12000 0.855692
6 12000 0.871279
6 12500 0.929705
6 12500 0.971103
6 13000 1.025838
6 13000 0.984905
6 13500 1.091585
6 13500 1.092472
6 14000 1.150769
6 14000 1.137604
6 14500 1.217906
6 14500 1.233357
6 15000 1.291546
6 15000 1.297832
6 15500 1.386119
6 15500 1.389519
6 16000 1.471358
6 16000 1.468359
6 16500 1.565373
6 16500 1.559434
6 17000 1.676396
6 17000 1.672874
6 17500 1.754858
6 17500 1.775741
6 18000 1.863362
6 18000 1.938904
6 18500 2.060833
6 18500 2.140346
6 19000 2.105577
6 19000 2.217282
6 19500 2.571866
6 19500 2.198582
7 500 0.001980
7 500 0.001706
7 1000 0.008221
7 1000 0.008066
7 1500 0.017175
7 1500 0.016066
7 2000 0.026093
7 2000 0.027317
7 2500 0.038382
7 2500 0.040020
7 3000 0.055172
7 3000 0.058197
7 3500 0.074706
7 3500 0.074010
7 4000 0.095608
7 4000 0.095716
7 4500 0.120963
7 4500 0.121930
7 5000 0.148873
7 5000 0.149980
7 5500 0.179486
7 5500 0.177723
7 6000 0.210345
7 6000 0.210422
7 6500 0.246568
7 6500 0.247771
7 7000 0.285152
7 7000 0.288083
7 7500 0.325027
7 7500 0.324165
7 8000 0.372042
7 8000 0.368026
7 8500 0.415204
7 8500 0.420857
7 9000 0.464842
7 9000 0.465389
7 9500 0.517792
7 9500 0.517403
7 10000 0.572459
7 10000 0.572465
7 10500 0.634355
7 10500 0.632086
7 11000 0.685024
7 11000 0.691776
7 11500 0.757601
7 11500 0.750814
7 12000 0.812822
7 12000 0.819358
7 12500 0.888873
7 12500 0.888161
7 13000 0.952887
7 13000 0.961071
7 13500 1.051912
7 13500 1.031624
7 14000 1.113756
7 14000 1.135864
7 14500 1.188273
7 14500 1.195447
7 15000 1.290678
7 15000 1.278883
7 15500 1.362299
7 15500 1.382521
7 16000 1.452255
7 16000 1.431034
7 16500 1.562725
7 16500 1.539518
7 17000 1.633799
7 17000 1.623044
7 17500 1.735583
7 17500 1.731721
7 18000 1.838909
7 18000 1.837090
7 18500 1.935548
7 18500 1.932766
7 19000 2.041681
7 19000 2.054953
7 19500 2.207680
7 19500 2.169029
8 500 0.002471
8 500 0.001717
8 1000 0.008261
8 1000 0.008459
8 1500 0.016556
8 1500 0.017747
8 2000 0.027930
8 2000 0.028935
8 2500 0.040752
8 2500 0.039465
8 3000 0.054972
8 3000 0.054900
8 3500 0.075230
8 3500 0.073408
8 4000 0.096464
8 4000 0.095032
8 4500 0.120186
8 4500 0.123732
8 5000 0.148719
8 5000 0.149280
8 5500 0.174990
8 5500 0.178834
8 6000 0.212450
8 6000 0.210420
8 6500 0.243667
8 6500 0.248294
8 7000 0.280555
8 7000 0.287514
8 7500 0.322068
8 7500 0.328567
8 8000 0.366741
8 8000 0.368541
8 8500 0.416338
8 8500 0.409123
8 9000 0.461357
8 9000 0.461146
8 9500 0.511024
8 9500 0.512043
8 10000 0.564824
8 10000 0.569151
8 10500 0.621706
8 10500 0.623239
8 11000 0.686850
8 11000 0.682987
8 11500 0.746518
8 11500 0.744637
8 12000 0.810301
8 12000 0.808634
8 12500 0.873480
8 12500 0.888119
8 13000 0.950911
8 13000 0.950902
8 13500 1.038802
8 13500 1.038560
8 14000 1.100036
8 14000 1.118412
8 14500 1.188623
8 14500 1.170273
8 15000 1.277992
8 15000 1.261543
8 15500 1.334676
8 15500 1.365602
8 16000 1.451771
8 16000 1.434053
8 16500 1.519457
8 16500 1.533816
8 17000 1.619704
8 17000 1.615607
8 17500 1.708247
8 17500 1.708140
8 18000 1.819306
8 18000 1.812198
8 18500 1.920723
8 18500 1.918414
8 19000 2.063857
8 19000 2.022979
8 19500 2.134168
8 19500 2.133341
