1 100 0.003379
1 100 0.003510
1 100 0.003398
1 100 0.003387
1 100 0.003473
1 200 0.029486
1 200 0.029229
1 200 0.029782
1 200 0.029000
1 200 0.029724
1 300 0.103141
1 300 0.103530
1 300 0.103741
1 300 0.103571
1 300 0.103402
1 400 0.248968
1 400 0.249905
1 400 0.248505
1 400 0.249357
1 400 0.250321
1 500 0.494965
1 500 0.500597
1 500 0.500110
1 500 0.496616
1 500 0.497860
1 600 0.872335
1 600 0.872774
1 600 0.874636
1 600 0.870356
1 600 0.859327
1 700 1.403606
1 700 1.376425
1 700 1.380862
1 700 1.403750
1 700 1.386797
1 800 2.109183
1 800 2.110194
1 800 2.127695
1 800 2.265655
1 800 2.255418
1 900 3.031324
1 900 2.991390
1 900 3.002682
1 900 3.021608
1 900 2.989056
1 1000 4.147039
1 1000 4.195477
1 1000 4.194948
1 1000 4.196604
1 1000 4.218985
1 1100 5.636156
1 1100 5.557602
1 1100 5.648601
1 1100 5.760666
1 1100 5.687687
1 1200 7.420444
1 1200 7.403684
1 1200 7.271163
1 1200 7.330031
1 1200 7.332445
1 1300 9.286340
1 1300 9.319672
1 1300 9.343902
1 1300 9.292976
1 1300 9.360195
1 1400 11.677024
1 1400 11.606197
1 1400 11.611829
1 1400 11.621566
1 1400 11.704872
1 1500 14.348303
1 1500 14.359814
1 1500 14.364863
1 1500 14.543667
1 1500 14.230283
1 1600 17.411492
1 1600 17.014523
1 1600 17.433905
1 1600 17.508772
1 1600 17.468211
1 1700 21.025176
1 1700 20.540167
1 1700 21.039710
1 1700 21.016570
1 1700 20.924866
1 1800 25.018218
1 1800 24.505837
1 1800 25.046542
1 1800 25.060333
1 1800 25.076149
1 1900 28.997564
1 1900 29.490887
1 1900 28.878359
1 1900 29.520108
1 1900 29.727853
1 2000 34.417904
1 2000 34.482560
1 2000 33.736386
1 2000 34.457372
1 2000 34.510389
1 2100 39.816952
1 2100 39.423981
1 2100 39.395544
1 2100 40.070589
1 2100 39.954663
1 2200 45.402153
1 2200 46.169116
1 2200 46.118708
1 2200 46.161587
1 2200 46.121039
1 2300 52.768869
1 2300 52.589940
1 2300 52.181646
1 2300 53.877503
1 2300 53.367697
1 2400 60.519861
1 2400 62.045879
1 2400 60.979928
1 2400 60.929436
1 2400 60.728144
1 2500 68.682766
1 2500 69.645809
1 2500 68.718997
1 2500 68.792969
1 2500 68.769979
1 2600 77.367739
1 2600 77.315506
1 2600 77.579667
1 2600 77.311978
1 2600 77.292474
1 2700 86.487758
1 2700 86.676807
1 2700 86.670812
1 2700 86.532461
1 2700 86.714733
1 2800 96.556760
1 2800 97.457550
1 2800 96.636048
1 2800 96.708624
1 2800 96.552177
1 2900 107.408874
1 2900 107.389471
1 2900 107.686815
1 2900 107.553274
1 2900 107.547716
2 100 0.003467
2 100 0.003576
2 100 0.003483
2 100 0.003455
2 100 0.003674
2 200 0.026585
2 200 0.026653
2 200 0.026414
2 200 0.026794
2 200 0.026634
2 300 0.094292
2 300 0.092321
2 300 0.092251
2 300 0.093177
2 300 0.092249
2 400 0.222976
2 400 0.221158
2 400 0.223505
2 400 0.223805
2 400 0.221803
2 500 0.443672
2 500 0.441207
2 500 0.440386
2 500 0.438997
2 500 0.445342
2 600 0.778560
2 600 0.776934
2 600 0.781402
2 600 0.780626
2 600 0.779132
2 700 1.262649
2 700 1.268694
2 700 1.269453
2 700 1.262130
2 700 1.268828
2 800 1.933881
2 800 1.923309
2 800 1.931327
2 800 1.915247
2 800 1.936918
2 900 2.761582
2 900 2.780387
2 900 2.780226
2 900 2.779163
2 900 2.784663
2 1000 3.830529
2 1000 3.837973
2 1000 3.816271
2 1000 3.832039
2 1000 3.796650
2 1100 5.138331
2 1100 5.148674
2 1100 5.159118
2 1100 5.147286
2 1100 5.152168
2 1200 6.704174
2 1200 6.686106
2 1200 6.706406
2 1200 6.695185
2 1200 6.688613
2 1300 8.541706
2 1300 8.571603
2 1300 8.560632
2 1300 8.554321
2 1300 8.531743
2 1400 10.725623
2 1400 10.724468
2 1400 10.749227
2 1400 10.726109
2 1400 10.976260
2 1500 13.581979
2 1500 13.428957
2 1500 13.534325
2 1500 13.202560
2 1500 13.188607
2 1600 15.957747
2 1600 15.975397
2 1600 15.968723
2 1600 15.988287
2 1600 15.949069
2 1700 19.104613
2 1700 19.190818
2 1700 19.162136
2 1700 19.145086
2 1700 19.187534
2 1800 22.699991
2 1800 22.651263
2 1800 22.649718
2 1800 22.622353
2 1800 22.725177
2 1900 26.734187
2 1900 26.740580
2 1900 26.909785
2 1900 26.925505
2 1900 26.772220
2 2000 31.251942
2 2000 31.262363
2 2000 31.210351
2 2000 31.254016
2 2000 31.290357
2 2100 36.133952
2 2100 36.146822
2 2100 36.218113
2 2100 36.253863
2 2100 36.262975
2 2200 41.674025
2 2200 41.608876
2 2200 41.631012
2 2200 41.643510
2 2200 41.663242
2 2300 47.270709
2 2300 47.470582
2 2300 47.410472
2 2300 47.410465
2 2300 47.501382
2 2400 53.703837
2 2400 53.884971
2 2400 53.836145
2 2400 53.884339
2 2400 53.907507
2 2500 60.797874
2 2500 60.862018
2 2500 60.807943
2 2500 60.754588
2 2500 60.821504
2 2600 68.172796
2 2600 68.172209
2 2600 68.233647
2 2600 68.255757
2 2600 68.291007
2 2700 76.314269
2 2700 76.331316
2 2700 76.385276
2 2700 76.595320
2 2700 76.674769
2 2800 85.575477
2 2800 85.424565
2 2800 85.428671
2 2800 85.533652
2 2800 85.456996
2 2900 94.948367
2 2900 94.939503
2 2900 95.107917
2 2900 94.692414
2 2900 94.530864
3 200 0.025606
3 200 0.025481
3 200 0.025489
3 200 0.025673
3 200 0.026294
3 300 0.086130
3 300 0.086825
3 300 0.088409
3 300 0.086043
3 300 0.085948
3 500 0.405785
3 500 0.410933
3 500 0.405122
3 500 0.415376
3 500 0.411657
3 600 0.733770
3 600 0.714607
3 600 0.728682
3 600 0.732543
3 600 0.714008
3 800 1.785235
3 800 1.744306
3 800 1.739407
3 800 1.811160
3 800 1.742252
3 900 2.500745
3 900 2.499192
3 900 2.520021
3 900 2.508552
3 900 2.526049
3 1100 4.639304
3 1100 4.846675
3 1100 4.639659
3 1100 4.695791
3 1100 4.645972
3 1200 6.118249
3 1200 6.145462
3 1200 6.098845
3 1200 6.099678
3 1200 6.066036
3 1400 9.695469
3 1400 9.754230
3 1400 9.673813
3 1400 9.741119
3 1400 9.743798
3 1500 11.949521
3 1500 11.923827
3 1500 12.117041
3 1500 12.341022
3 1500 12.124865
3 1700 17.682964
3 1700 17.443907
3 1700 17.598559
3 1700 17.489678
3 1700 17.595559
3 1800 20.951304
3 1800 20.824663
3 1800 20.873385
3 1800 20.818885
3 1800 20.816682
3 2000 28.732872
3 2000 28.756793
3 2000 28.717362
3 2000 28.666317
3 2000 28.709868
3 2100 33.078761
3 2100 33.103375
3 2100 33.100248
3 2100 33.083075
3 2100 34.058785
3 2300 44.586605
3 2300 44.607643
3 2300 43.657909
3 2300 44.268939
3 2300 43.804855
3 2400 49.325436
3 2400 49.306184
3 2400 49.328271
3 2400 49.209772
3 2400 49.327513
3 2600 63.227066
3 2600 62.666771
3 2600 62.488532
3 2600 62.745243
3 2600 64.188567
3 2700 70.088739
3 2700 70.304219
3 2700 70.095790
3 2700 70.257877
3 2700 70.090489
$3 2900 87.974994
3 2900 87.898332
3 2900 86.608354
3 2900 86.767267
3 2900 86.913615
4 100 0.003948
4 100 0.003909
4 100 0.004090
4 100 0.004183
4 100 0.003934
4 200 0.025833
4 200 0.026022
4 200 0.026550
4 200 0.026225
4 200 0.025759
4 300 0.085299
4 300 0.087018
4 300 0.085456
4 300 0.084506
4 300 0.086869
4 400 0.203910
4 400 0.202328
4 400 0.202883
4 400 0.204781
4 400 0.201469
4 500 0.396970
4 500 0.400524
4 500 0.397739
4 500 0.396779
4 500 0.400950
4 600 0.704116
4 600 0.700070
4 600 0.713955
4 600 0.710738
4 600 0.698623
4 700 1.155823
4 700 1.126777
4 700 1.118414
4 700 1.156371
4 700 1.147578
4 800 1.719571
4 800 1.675768
4 800 1.688894
4 800 1.694359
4 800 1.701186
4 900 2.484088
4 900 2.461162
4 900 2.580127
4 900 2.452967
4 900 2.509231
4 1000 3.535470
4 1000 3.366106
4 1000 3.366178
4 1000 3.428003
4 1000 3.541771
4 1100 4.461630
4 1100 4.678863
4 1100 4.462429
4 1100 4.428566
4 1100 4.474185
4 1200 6.111673
4 1200 6.095680
4 1200 5.861804
4 1200 5.921214
4 1200 5.872840
4 1300 7.531137
4 1300 7.474832
4 1300 7.680035
4 1300 7.499063
4 1300 7.454183
4 1400 9.408567
4 1400 9.521025
4 1400 9.803143
4 1400 9.450543
4 1400 9.396505
4 1500 11.657372
4 1500 11.653336
4 1500 11.539077
4 1500 11.622525
4 1500 11.699105
4 1600 14.203500
4 1600 14.244430
4 1600 14.124280
4 1600 14.334492
4 1600 14.266408
4 1700 17.240903
4 1700 16.994642
4 1700 17.685508
4 1700 17.137280
4 1700 17.085036
4 1800 20.240120
4 1800 20.364667
4 1800 20.426821
4 1800 20.891091
4 1800 20.224684
4 1900 23.846123
4 1900 23.700715
4 1900 23.895455
4 1900 23.783082
4 1900 24.016861
4 2000 27.991031
4 2000 27.852189
4 2000 27.805189
4 2000 28.066473
4 2000 27.864665
4 2100 32.604808
4 2100 32.219207
4 2100 32.232744
4 2100 32.374348
4 2100 33.001349
4 2200 37.198993
4 2200 37.185754
4 2200 38.095975
4 2200 37.208086
4 2200 37.331340
4 2300 42.540577
4 2300 43.210280
4 2300 42.453487
4 2300 42.530135
4 2300 42.838757
4 2400 48.220508
4 2400 48.281197
4 2400 48.873259
4 2400 48.341566
4 2400 48.506820
4 2500 54.555116
4 2500 54.873523
4 2500 56.087703
4 2500 55.521597
4 2500 54.535519
4 2600 62.268730
4 2600 61.391265
4 2600 61.930614
4 2600 61.547086
4 2600 61.452208
4 2700 69.045584
4 2700 69.637947
4 2700 68.706830
4 2700 68.972989
4 2700 68.883720
4 2800 76.663660
4 2800 78.569309
4 2800 76.887416
4 2800 77.218057
4 2800 76.734893
4 2900 86.367101
4 2900 85.458286
4 2900 85.134350
4 2900 85.471636
4 2900 86.225954
5 100 0.004533
5 100 0.004695
5 100 0.004245
5 100 0.004675
5 100 0.004716
5 200 0.026749
5 200 0.026373
5 200 0.027440
5 200 0.026518
5 200 0.028672
5 300 0.085989
5 300 0.085535
5 300 0.087225
5 300 0.086770
5 300 0.088380
5 400 0.207005
5 400 0.200809
5 400 0.204020
5 400 0.200303
5 400 0.202312
5 500 0.406434
5 500 0.399777
5 500 0.398142
5 500 0.409380
5 500 0.397766
5 600 0.726734
5 600 0.711557
5 600 0.687547
5 600 0.691920
5 600 0.711427
5 700 1.129480
5 700 1.137300
5 700 1.129070
5 700 1.145303
5 700 1.103511
5 800 1.656897
5 800 1.657160
5 800 1.690256
5 800 1.710088
5 800 1.692049
5 900 2.393352
5 900 2.510758
5 900 2.426388
5 900 2.444122
5 900 2.477744
5 1000 3.400154
5 1000 3.409657
5 1000 3.316842
5 1000 3.328758
5 1000 3.293448
5 1100 4.334207
5 1100 4.492934
5 1100 4.429227
5 1100 4.530054
5 1100 4.394176
5 1200 5.946136
5 1200 5.910992
5 1200 5.920547
5 1200 6.035735
5 1200 5.913841
5 1300 7.420638
5 1300 7.296185
5 1300 7.402623
5 1300 7.684729
5 1300 7.411244
5 1400 9.296941
5 1400 9.274099
5 1400 9.653280
5 1400 9.174386
5 1400 9.258532
5 1500 11.396955
5 1500 11.506174
5 1500 11.523752
5 1500 11.419076
5 1500 11.458067
5 1600 13.956223
5 1600 14.085957
5 1600 13.955405
5 1600 14.025139
5 1600 14.167645
5 1700 16.932777
5 1700 16.904437
5 1700 16.867830
5 1700 16.894782
5 1700 16.955231
5 1800 19.868145
5 1800 20.014631
5 1800 19.891507
5 1800 20.184418
5 1800 20.027615
5 1900 23.462633
5 1900 24.170664
5 1900 23.475810
5 1900 23.680953
5 1900 23.460462
5 2000 28.326610
5 2000 27.533647
5 2000 27.398102
5 2000 27.968612
5 2000 27.557588
5 2100 31.893848
5 2100 32.141402
5 2100 32.299036
5 2100 32.439403
5 2100 32.101502
5 2200 36.661079
5 2200 36.668120
5 2200 36.913893
5 2200 37.570886
5 2200 36.676093
5 2300 42.949932
5 2300 41.891355
5 2300 41.913814
5 2300 41.756328
5 2300 41.765556
5 2400 47.717406
5 2400 47.756973
5 2400 48.111793
5 2400 48.902099
5 2400 47.620102
5 2500 53.907366
5 2500 53.990570
5 2500 54.692316
5 2500 54.216168
5 2500 53.962100
5 2600 60.985145
5 2600 62.183776
5 2600 60.824756
5 2600 61.913712
5 2600 60.700664
5 2700 68.100166
5 2700 68.147919
5 2700 69.549322
5 2700 67.986160
5 2700 69.279155
5 2800 77.595569
5 2800 75.819772
5 2800 75.714081
5 2800 75.913623
5 2800 75.613964
5 2900 84.695343
5 2900 85.182763
5 2900 84.309498
5 2900 84.578550
5 2900 84.177151
6 300 0.091578
6 300 0.093561
6 300 0.103481
6 300 0.092231
6 300 0.095502
6 600 0.733189
6 600 0.725466
6 600 0.779407
6 600 0.757241
6 600 0.791458
6 900 2.600856
6 900 2.765420
6 900 2.761429
6 900 2.782424
6 900 2.777189
6 1200 5.819176
6 1200 5.726223
6 1200 5.686895
6 1200 5.683969
6 1200 5.728096
6 1500 11.464940
6 1500 11.392767
6 1500 11.330134
6 1500 11.331537
6 1500 11.372928
6 1800 19.873122
6 1800 21.973744
6 1800 21.405760
6 1800 19.648885
6 1800 19.759869
6 2100 33.080357
6 2100 31.947879
6 2400 47.867869
6 2400 48.649856
6 2400 49.459693
6 2700 68.582229
6 2700 69.451927
6 2700 68.135286
6 2700 67.998806
6 2700 68.167965
Abort is in progress...hit ctrl-c again within 5 seconds to forcibly terminate

Abort is in progress...hit ctrl-c again within 5 seconds to forcibly terminate

Abort is in progress...hit ctrl-c again within 5 seconds to forcibly terminate

